points du graphe
1.92401302300012 47.8401829744923
1.92424002727241 47.8402669653605
1.92410797492565 47.8395489686844
1.92446703154471 47.8395109823557
1.92436498292844 47.8395340153393
1.92425502913766 47.8395969640694
1.92416995868025 47.8396869854444
1.92411228683901 47.8440672742051
1.92428566168885 47.844643406893
1.92466187612984 47.8449071741704
1.9257509935803 47.8456706749074
1.92674695573581 47.8461071024111
1.92625899087347 47.8465985085121
1.92637199893621 47.8466548170479
1.9274585701167777 47.84629676874628
1.9275613102116864 47.84634676475642
1.92802265327078 47.8466440858755
1.9282746627145912 47.84694275841987
1.92847558383704 47.8471808829201
1.92834146536512 47.8479946889578
1.92707546963521 47.8476344793265
1.92688799123541 47.8478837627438
1.9274241956285 47.8479617728343
1.92766018305364 47.8483433815552
1.9278044260067644 47.84842272940297
1.92653926524212 47.8491504777649
1.92702193004428 47.8497263128568
1.92768695284911 47.849494460426
1.92748321494267 47.8492211915266
1.9277460619948 47.849124374536
1.9282323200581 47.8497167879984
1.92844342414987 47.849813302464
1.9292064531522 47.8497603129701
1.92930526783345 47.8501103802165
1.9295471720485544 47.850031078496414
1.930718399659038 47.8496471233674
1.9308864374850212 47.849592036734734
1.9316866534164265 47.84932970769771
1.93211385056925 47.8491896627257
1.93171388469742 47.84867127527919
1.9318144695901485 47.84817076657922
1.9312197089645902 47.847357964993485
1.93108366260142 47.847178170011
1.93097290032689 47.8470316727088
1.9304038687017475 47.846279474109565
1.9298428201822448 47.845537828317255
1.92964006993984 47.8452698143061
1.9295372531368011 47.845299697398296
1.92934012246647 47.845356992255
1.92945250170852 47.8455194105325
1.92782367643535 47.846029089531
1.92755040892592 47.8456756788628
1.9286247041742 47.8453096050893
1.92836383341569 47.844969875223
1.92851699617164 47.8449156147011
1.92869396428261 47.8448599674625
1.92878810772438 47.8449880826299
1.92902274767659 47.8448974675584
1.92914617619663 47.8448495976563
1.9288301002742108 47.84446158381575
1.9287135475558 47.8443185040533
1.928615405868944 47.844174663551485
1.92874849202035 47.8440519604193
1.9285541864244 47.8437682928218
1.928447486913525 47.84377309810419
1.92798420537662 47.8431683955564
1.92772791602606 47.8432692028984
1.92790470447398 47.8435004802466
1.92811230513614 47.8437257877665
1.92833041608712 47.844094284336
1.92825908985356 47.8441926782651
1.92688125387078 47.8446897697413
1.92665371060931 47.8443891038228
1.92613780814164 47.8445635831143
1.92634010874363 47.8448596057251
1.92610654676976 47.844930807653
1.92590900723878 47.8449917602841
1.92578611770791 47.8450366155871
1.92558282895912 47.8447307667638
1.9254461952044 47.8446431054439
1.92506584851311 47.844509985357
1.92496281175002 47.8443677611187
1.92551060441027 47.8441808010666
1.92527722209946 47.8438771176627
1.92513528828457 47.8438519764316
1.9248030912925 47.8434104051976
1.9268336111384539 47.84265774931875
1.92748635904617 47.8424429024898
1.92747459111594 47.8422054102838
1.92721911024914 47.8423029637003
1.92704609472542 47.8422713101087
1.92656810116274 47.8424962612136
1.92869818636444 47.8420818704962
1.92851205543757 47.8421418617914
1.92547386331515 47.8431519962573
1.9251840668045 47.843253888877
1.92411543094251 47.8436181081373
1.92935593281548 47.8496381777075
1.92923097715945 47.8494283889247
1.92910548251426 47.8488851043737
1.92886859677384 47.8485443127911
1.92861913461944 47.8482665777508
1.9285425083257 47.848031885358
1.92853262685758 47.8478178097628
1.9285832918396 47.847526506379
1.9286537483400001 47.84721933348493
1.92851654701399 47.8468728764004
1.92807888780757 47.846463102511
1.92780049990102 47.8462697594914
1.92751519496679 47.8460749085474
1.92681262258308 47.8456767037693
1.92587981199205 47.845248291097
1.92563358377267 47.8451219852502
1.92513322215941 47.8449104900933
1.92487307005313 47.8447518681598
1.92470663590636 47.84465031611019
1.92454581379513 47.8445521883201
1.92438133226661 47.8442418148694
1.92413932612906 47.8502094861337
1.92436309646634 47.8501810926695
1.92455982751356 47.8501173128142
1.9251932138095036 47.849799857239276
1.92539130814054 47.8497005716214
1.92909739767671 47.8477653005196
1.9292164342965168 47.84772507472143
1.9303265782626302 47.8473499260723
1.93182782698279 47.8468426122044
1.9321365524530831 47.846738617943565
1.9328057682752313 47.84651319240711
1.9334434004448517 47.84629840583281
1.9359653298923802 47.84544889319457
1.93608638041868 47.845408117291
1.93624583138161 47.8453556056083
1.93726065815808 47.8450410769995
1.93770469540302 47.8449034965101
1.9379328991258256 47.844866640089094
1.9384292125664153 47.84478648216314
1.93891939733021 47.8447073140593
1.939096179809056 47.84465583803665
1.93927117759547 47.8446048816858
1.93938750942477 47.8444726658511
1.93938346700599 47.8443194686964
1.9392614757904 47.8441287704647
1.9388731913942219 47.84360145172619
1.93846574811173 47.8430481138124
1.93831411249177 47.842842096764
1.9381701700347818 47.842648492142615
1.93741732434363 47.8416202065191
1.9373397208953662 47.84154987203497
1.93721996447571 47.8414911786314
1.9370801866175 47.841450118755
1.93694256471598 47.8414252175219
1.93670657729084 47.8413851825846
1.936505095165841 47.84135189730354
1.93625670099655 47.8412771966281
1.93612123505171 47.8412002617727
1.93599762686861 47.8411060827426
1.93531499708421 47.8402366973103
1.9351182391825235 47.83998615906811
1.93490491615701 47.8397177964752
1.92467588984827 47.8428399865471
1.92414264989562 47.8420162116021
1.93109336440649 47.8496736849779
1.93085045995366 47.8497108801739
1.93021005098762 47.8488561073353
1.93010395995256 47.848707987075
1.92987219460926 47.8484347743171
1.92969298071008 47.8481992989715
1.92943866765314 47.8479750960297
1.92911581314003 47.8476118719441
1.92886572216493 47.8473785631814
1.92842339171903 47.8470680860687
1.92685897565174 47.8459361853222
1.92647036445983 47.8457204732858
1.92552991818888 47.845350360466
1.92512217288142 47.8451401926036
1.92474550928279 47.8430911620476
1.92654312799784 47.8466753750741
1.92664841054914 47.8468171709742
1.92682007859993 47.8469252056856
1.92694880718015 47.8470691712346
1.92706675597695 47.8472347793515
1.92708831554377 47.847371569931
1.92704537607319 47.847522768618
1.92690973046529 47.8476909073102
1.92479815055844 47.8491351051952
1.92451652871687 47.8493473065384
1.92439911890923 47.8494260981229
1.92421667107503 47.8495053115769
1.924228729978862 47.84916677275543
1.92427209712806 47.8479492936392
1.92463501650284 47.8470046641075
1.92474119736942 47.846813011151
1.92490199580528 47.8466679597166
1.92510025398849 47.8465752978024
1.92521407053499 47.8465374974814
1.92537801307434 47.846509765171
1.92558076283396 47.8464999985713
1.9258069586225 47.8465294189404
1.92603989177568 47.8466003171384
1.92615487613204 47.846903562589
1.92597629105356 47.8470788774403
1.92579393305088 47.847287711139
1.92563286512044 47.8475397091133
1.92536471800813 47.8477484806704
1.92522520964451 47.8479933023816
1.925075011329 47.8481804898348
1.92488187354292 47.8483460944033
1.92465657606966 47.8486196693396
1.92451706770604 47.8487565165516
1.92439911890923 47.8489004770175
1.92510348792351 47.8497331852219
1.92422745085844 47.8506645028406
1.92448499785039 47.8505204869882
1.92468882558836 47.850290084906
1.92486049363916 47.8500956710497
1.92481369141285 47.8428610887122
1.9248596851554 47.8422400182535
1.92486974628658 47.8421039979469
1.92500179863335 47.8415817996534
1.9250294667441 47.8414720053011
1.92512891024605 47.8412120793598
1.92591322932061 47.840202389479
1.92602147631235 47.8400881906644
1.92591511578271 47.8397949144155
1.92554339291814 47.8426471123595
1.925861197596371 47.842531272507635
1.92617311193231 47.8424175796864
1.92660744737218 47.8422502077037
1.92689230314878 47.8421238945565
1.92724489189779 47.8419465129973
1.92782304761465 47.8416804998145
1.9298068870881 47.8410143755971
1.92520796199105 47.8425303866511
1.92506872312201 47.8429078751964
1.92535959761101 47.8424354865272
1.92522242486713 47.8422514135556
1.92520742300188 47.8415236165138
1.92544367992161 47.8415634101707
1.92539606921155 47.8413947089731
1.92605785808136 47.8397682638189
1.926259080705 47.8399486675899
1.92635933269071 47.8400014862223
1.92636669887604 47.8401220765057
1.92627480122247 47.8401798994472
1.92601285248562 47.840286259726
1.92548248714188 47.8409347874104
1.92542670176274 47.8410917930797
1.92572323563802 47.8420935672969
1.925857533773 47.8423483036682
1.92586328299082 47.8426354156836
1.9253763062753 47.8422028779924
1.92517705994528 47.8420223011816
1.92544547655217 47.8435614948495
1.92561768359214 47.843514769246
1.92569709466326 47.8434214987864
1.92559657318296 47.8432567828656
1.92549802799629 47.8421645921435
1.92564616018665 47.8468805931646
1.92542984586623 47.8468409844483
1.92523329448207 47.8468048723656
1.92529087649178 47.8466663922425
1.92529941048698 47.8419554966463
1.92536723329093 47.8436685716868
1.92533597191904 47.851089012708
1.92539903365199 47.8509679656589
1.92549901614311 47.8510659848549
1.92574722065611 47.8504963737885
1.92541834743059 47.8506356876455
1.92556863557763 47.850844507023
1.92548536175079 47.8467066039663
1.92556037107701 47.8436067734265
1.92656747234204 47.8401159867031
1.92619790543415 47.8402444753567
1.92552928936818 47.8410280623412
1.92550350771953 47.8413625121847
1.92591906836996 47.8422042044308
1.92690748467708 47.8428149653972
1.92706693564001 47.8427891604397
1.92734999478604 47.8431761731633
1.92744737216283 47.8433136979428
1.92988602866463 47.8436864780958
1.92956398263528 47.8437953633991
1.92941459280353 47.8438492633484
1.92922900086583 47.8439157639917
1.92896525549841 47.8440051146765
1.92846067180332 47.844206062719
1.9262268311863 47.8419553157675
1.92565891626368 47.8411305620716
1.92565406536115 47.8410266152847
1.92588636969362 47.8406915000372
1.92612397408627 47.8404070905264
1.92692814592861 47.8401411900399
1.92682025826299 47.8399891859976
1.92568568605915 47.8447175030248
1.9257686903914 47.8441502941384
1.9259128699945 47.8446377999397
1.92988962192577 47.8411291753119
1.9278636514655 47.8417845658776
1.92736436783058 47.8420068059135
1.92680687336526 47.8422934977711
1.92645437444777 47.8424438671677
1.92606477510905 47.8425792836611
1.92655345862361 47.8415944612606
1.92701231807074 47.8430411802698
1.92663197137944 47.8431667073935
1.92601680507287 47.8433697688793
1.92608498720294 47.8434734698065
1.92604195790083 47.8510940161407
1.92618002896 47.8510330103982
1.92608426855071 47.8399715797886
1.92709900549565 47.8509283600641
1.926656754564952 47.850398373189364
1.92619781560262 47.8498483876281
1.92605139021131 47.8495701170144
1.92629788792528 47.8438278601314
1.9261727526062 47.8397758610492
1.92656235194492 47.8399448689875
1.9261933240262 47.8400676903226
1.92621757853887 47.8503843678284
1.928499045092847 47.8504571239916
1.92884515074492 47.8504681613304
1.92657959959837 47.8442363887436
1.9332920808959 47.8400459840695
1.93311089070309 47.8401191823422
1.93013908408017 47.8410949886587
1.93943332350426 47.8400165600231
1.93964415810144 47.8407174869213
1.93991517982266 47.8411958603238
1.94033747783772 47.8415942803805
1.94086011767002 47.8419471762198
1.94121207759834 47.84223947562
1.94123058289319 47.8431888946729
1.94109475762224 47.8431922709972
1.94040089889678 47.8431298692537
1.94002899636916 47.8430986984996
1.94009897512979 47.8434385009124
1.94008927332472 47.8436604926989
1.94002513361343 47.8437684736943
1.9398602927588 47.8439103981225
1.93966203457559 47.8439737032859
1.93938023307096 47.8441288910456
1.939549617631057 47.84434049877551
1.9397533809383238 47.84459505498103
1.94004408806593 47.8450152731494
1.9402039881865 47.8452478087841
1.94037179348158 47.8454917982554
1.94052297994389 47.8457116711546
1.94097528168945 47.8462378068806
1.94016068938981 47.8465494947155
1.9402722601481 47.8466842976166
1.9377484197454855 47.847550583528886
1.93403956904382 47.8488236137531
1.93504550249897 47.8503269782438
1.93490841958662 47.8504243958204
1.934243319147312 47.85070876876946
1.934135533208497 47.85075485414766
1.93390410309897 47.8508446878708
1.93366676820091 47.8509075023109
1.93333241525216 47.8509931034408
1.93302959316988 47.8510985975967
1.92666098696312 47.8454023898426
1.92673635561545 47.8452476882059
1.92760529598978 47.8451269892585
1.92843857324733 47.8447372177629
1.9289842442797702 47.84435306686095
1.9295121627736904 47.84398141369714
1.93001520640249 47.8436272723698
1.9297898467177081 47.84332921564192
1.9288887190362 47.8421374001297
1.9290858743142314 47.84206915671484
1.9319638077037542 47.84107298758265
1.9349032991895 47.8400555107039
1.9352162687984862 47.83995452924377
1.93597912157376 47.8397083903699
1.93609653138139 47.8396704644536
1.93639728733852 47.8395721825382
1.92715640784231 47.8432450863272
1.9272733684923 47.8405999730423
1.92725279707229 47.8433814050983
1.92733220814341 47.8434837795967
1.92782394592994 47.8435794012955
1.92800208185078 47.8437833052372
1.92727157186173 47.8418042817304
1.92744072462973 47.8416539104799
1.92770869207898 47.8415423677711
1.92834712475141 47.8413426755766
1.92970340116737 47.8408728653049
1.93164367234954 47.8402189705953
1.93224635207366 47.8400175850413
1.93311906537218 47.8397284084894
1.93150470297509 47.8395250915667
1.93121760141028 47.8396236750496
1.92954601632959 47.8401841803923
1.9293882721657 47.8402369987849
1.92926762842305 47.8402775169675
1.92916611879594 47.84031146298
1.92737640525539 47.8409109712248
1.9272910653034 47.8410198020599
1.92749507270442 47.841275206935
1.92762739454577 47.8414405923767
1.92758265844462 47.8432666706589
1.92739248509897 47.8440136156445
1.92788952294568 47.8411475649485
1.92773707884196 47.8510773782181
1.92756541079117 47.8510758108772
1.9283186481569 47.8412023720563
1.92819225519643 47.8410380108533
1.92917339514974 47.8427101176044
1.92875208528149 47.842864887101
1.92821201813268 47.8430466668123
1.93095277806453 47.8451581587938
1.93062794725779 47.8452692717043
1.93047244888211 47.845322989255
1.93031147078319 47.8453774905066
1.93004278468171 47.8454693708056
1.92973565068607 47.8455745144651
1.92939231458448 47.8456918964983
1.92808778112888 47.8419520599485
1.92831307860214 47.8420499153056
1.92834263317499 47.8437924091497
1.92872280020323 47.8436869604232
1.92899849316392 47.8435953784222
1.92924229593203 47.8435144074992
1.92964698696753 47.8433800183988
1.93120610297465 47.8428255767779
1.93257297951096 47.8423958744165
1.93332298294167 47.8423777866847
1.92813251723003 47.8429310875473
1.92829008173087 47.8428817688258
1.92862910591909 47.8427758962042
1.92962713419975 47.84076861653
1.92880310958963 47.8410380108533
1.92855301861453 47.8406703969894
1.92887156121428 47.8405678963498
1.92857098492021 47.8510509745472
1.92870698985423 47.8510809951582
1.93356768402507 47.8404366952355
1.92892042956573 47.8420086749928
1.93001888949515 47.8438722944059
1.93007916645072 47.8439553146512
1.93038648010942 47.8443783721817
1.9306830139847 47.844786775879
1.93075290291381 47.8448828774921
1.93142142914825 47.8457954722063
1.93154360002689 47.845956683345
1.93239592156846 47.8470815903546
1.93320242903055 47.848147392972
1.93335011206326 47.8480962706359
1.93374330466311 47.8479693085787
1.93387679431433 47.8479225869457
1.93446393318404 47.8477305153774
1.93457658192066 47.8476938613376
1.93575750719317 47.8472936795263
1.93621816327086 47.8471401892687
1.93693986977013 47.8468997644959
1.93703778613609 47.8468672094009
1.93714693144311 47.8468303738891
1.93830387169753 47.8464401931793
1.93861783288933 47.8463345689718
1.93894886207153 47.8462230966155
1.93931474588675 47.8461042085814
1.939821395707 47.8459395614677
1.94001246736793 47.8458774644711
1.94090898602148 47.8461605779419
1.93079332710159 47.8421967884341
1.93286053023341 47.8430088036281
1.93292574792304 47.8432696852297
1.93301656759826 47.8431477758486
1.93309265490283 47.8430774758478
1.9334163178997 47.8429778136766
1.93357675700944 47.8429524911343
1.9337916340254 47.8429227069854
1.93392817794859 47.8428785733569
1.93390338444674 47.8427798151832
1.93381705634794 47.842711685198
1.93354792108882 47.8425381643537
1.9334855780081 47.8422511120926
1.93359490297818 47.8421144888875
1.93372057728643 47.842029415739
1.93388191471145 47.8419782873729
1.934081250873 47.8419365646594
1.93430690767237 47.8419173914937
1.93443689389398 47.8419390969638
1.93466785075353 47.8420077705996
1.93482568474895 47.8420841616223
1.93499106459276 47.8421720684375
1.93510982187332 47.8422790878502
1.93528427470149 47.8424221619089
1.92882323185199 47.8441343171826
1.92927086235807 47.8447424629672
1.92894998413858 47.8395489686844
1.92881191307941 47.8395068822424
1.92911159105819 47.8440065616499
1.92883562860291 47.8507054951407
1.93110782728256 47.8499222954734
1.92991486458525 47.8445265048067
1.93046086061494 47.8449798832686
1.93029152818389 47.8450361935616
1.93011393125221 47.8450952771009
1.92983284839981 47.8451886651293
1.92939114677461 47.8466056827294
1.92932547992734 47.8465253796694
1.92964950225033 47.8495410600747
1.92974750844782 47.8464986119551
1.9299378032224492 47.84643507857282
1.92978200375473 47.8497371639592
1.92953541620924 47.8492352980967
1.92990291699198 47.8406816720474
1.93059785369577 47.8404498997744
1.93048655243207 47.8402913847906
1.93184426615249 47.8493277141212
1.9335020171778 47.8487576016822
1.93414799569861 47.8485283974741
1.9349209960006 47.8482761631611
1.93707758150318 47.8475485712207
1.9374355601439 47.8474269130422
1.93797490864049 47.8472362865216
1.93038692926706 47.8470308889773
1.93019046771442 47.8471020879247
1.92999759942292 47.8471719001761
1.9295909320938 47.8466129172332
1.93130285153075 47.8459794723137
1.931022897756668 47.846072968203856
1.93051350189059 47.8462428710693
1.93019361181792 47.8408845623782
1.93173952259036 47.8403527649369
1.93234139383072 47.8401530078682
1.93311367548048 47.839897898945
1.93332100664805 47.8398822824517
1.93359804708167 47.8397940702792
1.93370961783996 47.8397586165408
1.93319425436146 47.8400107716841
1.93307531741784 47.8400198159634
1.93034246266049 47.8409826609252
1.93156282397397 47.8468086101783
1.93103596205984 47.8469441961389
1.93030033167367 47.8438719929523
1.93102087036306 47.8436375821294
1.93166289629662 47.8434287940255
1.93176090249412 47.8435689106511
1.93187049695878 47.8437256671847
1.93148970110984 47.8438492633484
1.93050829166194 47.8441678989292
1.93010072601754 47.8474749614253
1.93041163293737 47.8478594674598
1.93090310122931 47.8447134033229
1.93080590351557 47.8445822729828
1.93068606825667 47.844420695832
1.93060611819638 47.8443068680445
1.93040588371955 47.8440221769017
1.93128389707825 47.8470821932244
1.93043265351502 47.8479775677533
1.9326356819178 47.8436375821294
1.93103398576621 47.8438241823946
1.93331912018595 47.8487219129294
1.93316604726154 47.8485053081986
1.9329648246379 47.84829569569
1.93270907427651 47.8481592089764
1.93253507060597 47.8480859617626
1.9318537882945 47.8471462782467
1.93163567734351 47.8472191047799
1.93142906482817 47.8472880728595
1.93083707505593 47.8474824972405
1.93072415682472 47.8482727871678
1.93062246753455 47.848245899784
1.93165786573103 47.8444618136472
1.93227078624939 47.8442574903407
1.93215328661022 47.8441068850395
1.93206543137544 47.8439943829559
1.93119792830556 47.8442453117057
1.93090920977325 47.8395073043129
1.93071643131327 47.8395073043129
1.9316504995457 47.8479476056318
1.93152428624828 47.8487339699433
1.9311663147892077 47.84885526150804
1.9312653917834 47.8489857800364
1.93142619021926 47.8492270994069
1.93157486139878 47.8401228603416
1.93144954641664 47.8401663933644
1.93134785712648 47.8401990129601
1.93085001079602 47.8403584929429
1.93075011813643 47.8402259045152
1.9338324175393 47.8439885950608
1.93361978631155 47.8440631141614
1.93349689678068 47.8441050160358
1.93339916007777 47.8441367890893
1.93318913396434 47.84421377988
1.93297542475825 47.8442388606454
1.93267323149667 47.8442544758274
1.93132908233704 47.8446942914733
1.93078784737836 47.8494345982026
1.93121221151858 47.8444348037078
1.93126862571842 47.8488224683389
1.9312087979205 47.8399941905012
1.93216819864394 47.8491046011807
1.93200677138738 47.8488597847153
1.93189529046062 47.8486112896968
1.9318768749973 47.8484742612455
1.9319103821574 47.8483013022478
1.9314765857067 47.8470134660193
1.93148781464775 47.8448716636368
1.93138621518911 47.8437031786804
1.93173637848686 47.8455994739951
1.93186717319223 47.8400221674758
1.93252545863243 47.8397978085971
1.93241748113528 47.8396458035488
1.932188949727 47.8453457785021
1.93244416109922 47.8457296974354
1.93157072914847 47.8443151880925
1.93269550971572 47.8494209739608
1.93256435568424 47.8493995730428
1.93193023492518 47.8455019870668
1.93207028227797 47.8454461595906
1.93233420730844 47.8453134032989
1.93242556597284 47.8452545611644
1.93240921663467 47.8463298665192
1.93269604870489 47.8469871808537
1.93279603119601 47.846955771269
1.93314035544441 47.8468385729578
1.9333274745181 47.8467213743818
1.93342287560127 47.8466018846145
1.93346617439796 47.846427713618
1.9334150602583 47.8460844943628
1.93344183005376 47.8458137999002
1.93352941579397 47.8456767640579
1.93367961410947 47.8455830754646
1.93387086543346 47.8455516047409
1.93411071561432 47.845563361048
1.93444237361722 47.8455711985846
1.93473190063329 47.8455692090562
1.93493707584418 47.8455472639499
1.93512976447262 47.8454492946124
1.93528131026106 47.8452891068109
1.93542566952721 47.8451382633479
1.93556356092333 47.844954199967
1.93545297831185 47.8447556664102
1.93573460015342 47.844325377135
1.93292502927081 47.8465866921521
1.93255501320528 47.8465047612961
1.93294137860898 47.8455821108451
1.93246769695966 47.8459390791612
1.93289071362696 47.8435876611691
1.93324959058296 47.839557410087
1.93275722397574 47.8397235848469
1.93265706182156 47.8395856887756
1.93354531597449 47.8488634018101
1.9334429080321 47.8491328746651
1.9327609070684 47.8495528154776
1.93334310520404 47.8494736020962
1.93310397367541 47.8494719744227
1.93361179130552 47.8495066981127
1.93393958655269 47.8495754822981
1.93421959142675 47.8496474614444
1.93443339046438 47.8498017882555
1.93454630869559 47.8499798060731
1.93451675412274 47.8501384120189
1.93444560755224 47.8502698900122
1.93433637241369 47.8503893713291
1.93367745815279 47.8506027129153
1.93354414816463 47.8506000001851
1.93313631302563 47.8503820770689
1.93288352710468 47.8502622943187
1.93275982909006 47.850091210072
1.9326976656724 47.849938692632
1.93275210357862 47.8497876818395
1.93278785652692 47.8496559614877
1.93286277602162 47.846764660718
1.93300399118428 47.839538959591
1.93279998378326 47.8396089629087
1.93368266838144 47.842847281868
1.93364853240064 47.8427115043218
1.93348575767116 47.8426351142229
1.93339700412109 47.842575364667
1.93322479708112 47.8425737970692
1.93316712523988 47.8426749070272
1.93308115646719 47.8427311595303
1.93297659256812 47.842852768431
1.93286313534773 47.8434374759617
1.93301926254411 47.8437449602638
1.93312777903044 47.8437937958382
1.9332683653724 47.843815018197
1.93336879702117 47.8438082053384
1.93357010947634 47.8437707647459
1.933727134988 47.8437418854298
1.93388038757547 47.8437218085681
1.93380447993396 47.8438420887499
1.93369147187122 47.8439327056651
1.93290679347054 47.8440616068991
1.93310136856108 47.8442719600024
1.93299446904227 47.844383979163
1.93296617211082 47.8445351865591
1.93301054888586 47.8446801836681
1.93313613336258 47.8447689904291
1.93326764672017 47.8448509843165
1.93337769034248 47.8449018686932
1.9334716541212 47.8449385849956
1.93357388240053 47.8450123792589
1.93314772162974 47.842972508002
1.93306992752614 47.8428932845706
1.94117066526374 47.8505785997537
1.9410791240298308 47.850714986205034
1.94067820882499 47.8510574850427
1.9398969875843834 47.850962172108474
1.93976857476829 47.8509465050968
1.93915610340758 47.8509368598975
1.93890214967676 47.8508858005936
1.93877512789558 47.8508738043626
1.93865349600611 47.8508848963552
1.93853967945961 47.8509082859839
1.9377361932450323 47.85093603741089
1.9358882607617343 47.850999862729175
1.9345140971432795 47.851047324652775
1.93827871886958 47.8473650589729
1.94040278535888 47.8465554029001
1.94061820136401 47.8465006014478
1.94080460178546 47.8465135632927
1.94098112073879 47.8465989908125
1.94107032344651 47.8467299954795
1.94103753493864 47.8468773979421
1.93370108384476 47.8434647878764
1.93391317608334 47.8470320947181
1.93950249378113 47.8488482100101
1.93960445256588 47.8487689955525
1.939725089707156 47.84861048311319
1.9398359484146 47.8484871020264
1.93996791092984 47.848391007091
1.94014892145959 47.8483081748018
1.94032903367405 47.8482282963772
1.94053941911359 47.8481437758272
1.9407711844569 47.8480490065446
1.94093476767013 47.8480256156263
1.94103681628641 47.848027363917
1.94121378439738 47.8480886143384
1.94133182302571 47.8481768124067
1.94138536261665 47.8482884011353
1.94135589787533 47.8484611793199
1.94126741381984 47.8485440113647
1.94116545503509 47.8486070094471
1.94101795166544 47.8486700074529
1.94088428235117 47.848719200101
1.9407711844569 47.8487500057673
1.94062368108724 47.8487743609192
1.94046117585235 47.8487931698405
1.94028842982321 47.8487869604858
1.94009529203712 47.8487689955525
1.93991832392615 47.8487582045326
1.9397654306648 47.8487779780199
1.93941400972565 47.848929172607
1.93932283072431 47.8490407597169
1.93921548204786 47.8491937620738
1.93909223319088 47.8492802100144
1.93888292572968 47.849355806631
1.93863696700488 47.8494203711182
1.93835992657126 47.8495123648238
1.93798164600512 47.8497014155966
1.93764639474109 47.849892213908
1.93739163252651 47.850045213753
1.9371690299991 47.8501405822223
1.93698191092542 47.8502043017656
1.9368417737411 47.8502486100111
1.93657892668897 47.8503368044062
1.93640186874647 47.8503998003109
1.93611485701319 47.8504879944489
1.93580907049048 47.8505942130271
1.93538273005663 47.8507346117106
1.93526873384708 47.8507718664284
1.93492665538689 47.8508839921167
1.93320503414487 47.8510227623909
1.93448136050055 47.8506211594763
1.93516812253526 47.8503457866021
1.9353029596594 47.8502653084829
1.93541506940686 47.8501533623072
1.935466093715 47.8500525683441
1.93548343119998 47.8499333876695
1.93545270881727 47.8495989930855
1.93545809870897 47.8494262186915
1.93550094834802 47.8492929903114
1.93560829702448 47.8491507791878
1.93569291832424 47.8490698169368
1.93580143481056 47.8489995852467
1.93603697307806 47.8489151865234
1.93620909028649 47.8488520079605
1.93744418397063 47.8484376077312
1.93756410906106 47.8483591160725
1.93762097241854 47.8482609711892
1.9376198944402 47.8481571592616
1.93757327187696 47.848044063104
1.93746771983107 47.8479547796625
1.93731455707513 47.8478928056506
1.93712052097376 47.847870499811
1.93692280177973 47.8479079977304
1.93675625412605 47.8479605068291
1.93661207452295 47.8480078915729
1.93651469714615 47.8480546131291
1.9364079772904 47.8481419672547
1.93637860238061 47.8482393889356
1.93638291429397 47.848355197515
1.93639189744681 47.8485932041322
1.93636198354785 47.8486971960424
1.93595450773497 47.8489941596186
1.93614710653189 47.8493647889967
1.9359485788541 47.8494871660399
1.93571789148914 47.8496023689926
1.9356321023795 47.8496905644867
1.93445288390604 47.8395484863185
1.93338056495139 47.842207098478
1.93395054599916 47.841821585852
1.93416695015111 47.8417474855836
1.93352600219589 47.843987992155
1.93347605586609 47.8438977973712
1.93347524738233 47.842888159763
1.93356238396489 47.8428363690322
1.93383852608323 47.8462221922957
1.93635030544916 47.845385689805
1.93831896339431 47.8448489947605
1.9394397913743 47.8453692912069
1.93956321989434 47.84546490943
1.93962196971392 47.8458283897046
1.93346653372408 47.8395414920124
1.93357496037887 47.8452247783374
1.93381418173903 47.8398890958258
1.93391075063207 47.8400098069609
1.93358385370018 47.8401135146048
1.93348665598644 47.8399978685095
1.93611988757878 47.8427616672932
1.93584311663974 47.8428376954543
1.93546645304111 47.8429409754026
1.93532326158482 47.8429904749431
1.93521133150042 47.8430393112277
1.93508215376257 47.8431228151389
1.93500822241468 47.8431928739122
1.93496869654218 47.8433899061686
1.93496851687913 47.8435403929693
1.93495809642183 47.8437585859966
1.93494641832314 47.843896109232
1.93490895857579 47.8440591952793
1.93488766850355 47.8441577098558
1.93481221001969 47.8443045167263
1.93473010400272 47.8444083966551
1.93463380460426 47.8444812873225
1.93450516585558 47.844544893239
1.93435128444741 47.8446121767585
1.93420198444719 47.8446686080302
1.93403822157089 47.8447159957815
1.93390877433845 47.844745718611
1.93372668583036 47.8447419806496
1.93361026416954 47.844714970856
1.93350893420549 47.8446043993669
1.93352106146182 47.8444460176575
1.93363424918762 47.8443373748807
1.93375947433823 47.844302165408
1.9338785909449 47.8442688851996
1.93408439497649 47.8442667750407
1.93423198817768 47.8442920969414
1.93439009166768 47.8443065665934
1.93452070670999 47.8442948100015
1.93469506970664 47.8442365696145
1.9347882250016 47.8441756763863
1.93486548011604 47.8435832599227
1.93483233228205 47.8434693700064
1.93478966230606 47.8433773052909
1.93461269419509 47.8432760158277
1.93450444720335 47.8432808994314
1.93428471928485 47.8433835755845
1.93417728077687 47.8434243927656
1.93407918474785 47.8434491724567
1.93393482548169 47.843444590325
1.93531140382307 47.8398628673452
1.93439745785301 47.8401662124794
1.93399168883917 47.8402984995853
1.93369910755114 47.8403938859766
1.93696789720699 47.8477296713702
1.93390248613146 47.8487661621564
1.93370800087245 47.839654968483
1.9339870175997 47.8395139971447
1.93401585352032 47.8451060085937
1.93428355147498 47.8451515872686
1.93444506856307 47.8451672021758
1.93459778216137 47.8451511049548
1.93476495863574 47.8450899113537
1.93497516441223 47.8449538985197
1.93528148992411 47.8447076757978
1.93576352590557 47.8441776659681
1.93584913535215 47.8440071042649
1.93587931874569 47.8438460076484
1.93583709792734 47.8435759044143
1.93584221832446 47.843456467692
1.93476648577173 47.8430906797146
1.93441057325616 47.8431840110606
1.93371159413358 47.8467764770374
1.93390401326744 47.8466879148632
1.93388721477163 47.8431560960826
1.933927908454 47.8463237171575
1.93414278546996 47.8431866638871
1.93658269961316 47.8462475132418
1.93616821694107 47.8463047867648
1.93571762199455 47.8464559885617
1.93527421357031 47.8465991716751
1.93450076411068 47.8468569002832
1.93435730315981 47.8468997042087
1.93424941549419 47.8469318975604
1.93406588968164 47.8508999067109
1.93432065189622 47.8507973057188
1.93457280899647 47.8508026708756
1.93470692746839 47.8507973057188
1.9349804644724 47.8507504660679
1.93511997283603 47.8507396754602
1.93435685400217 47.8417167963446
1.93449402674605 47.8412790054399
1.93463685887623 47.8408227005071
1.93490258053727 47.8401694081154
1.93508673517052 47.8418261681271
1.9344979793333 47.8417350048933
1.93763839973506 47.8502143690845
1.93752305605258 47.8501460077304
1.93554092337817 47.8507076050376
1.93488012265517 47.8405085664752
1.9347761875768 47.8408421152543
1.9346342537619 47.8412975759045
1.93474537536255 47.8432019779283
1.93498262042909 47.841348463767
1.93552861645877 47.8413992912859
1.93563991772248 47.8414152087905
1.93554864888961 47.8409426859405
1.93505942638588 47.8408676800036
1.93514395785411 47.8492525997394
1.9347493279498 47.8487108807593
1.93498028480935 47.8486357654841
1.93509032843165 47.848634017214
1.93526729654262 47.8486826070449
1.93546582422041 47.8487222143548
1.93561871748177 47.8487204058025
1.93584940484673 47.8487348139341
1.93505771958684 47.8402887921109
1.93509580815488 47.8415602146206
1.9351094625472 47.8416791733628
1.93509437085043 47.8419869695518
1.93514791044136 47.8421478910635
1.93558152722901 47.8426093091759
1.93550472127222 47.8402430885733
1.93591929377584 47.8412023720563
1.93515365965918 47.8401367885011
1.93825087109577 47.8482137072479
1.93678544937279 47.8487131715927
1.9350206191656 47.8492946179905
1.93562635316169 47.8410460902496
1.9357848159778 47.8412566967561
1.93606571916715 47.8416311799041
1.93625535352363 47.8415663042537
1.93658260978163 47.8414542790083
1.93680134955331 47.8416120066255
1.93703059961382 47.8415382075249
1.93713372620844 47.8415517735439
1.93533215490614 47.8417304829033
1.9354635784322 47.8417416974377
1.93565348228327 47.8416993113084
1.93522049431632 47.8455347841738
1.93534365334177 47.8455525090723
1.93545369696408 47.8455347841738
1.93630026928783 47.8410813622263
1.93554352849249 47.840081678792
1.9353832690458 47.8400657005831
1.93885606610268 47.8490065782776
1.93832498210671 47.8491902052865
1.93728185839879 47.849675312645
1.93690079305527 47.8498526074916
1.93625472470293 47.8501516140883
1.9359381583968 47.8503424107434
1.93565923150108 47.8504773846357
1.93538560466554 47.8506141666631
1.93595531621873 47.8426248645562
1.93577457518357 47.8426935975763
1.93570756086337 47.842557096121
1.93583709792734 47.8425106710742
1.93565860268039 47.8447604895849
1.93559491212674 47.8500616108727
1.93579865003318 47.8500777668532
1.93695738691817 47.8496691636799
1.93711567007123 47.8496313656138
1.93629766417351 47.8458593779532
1.93587410851705 47.8453366145733
1.93567549100773 47.8413150610762
1.93590707668797 47.8416809821606
1.93606518017798 47.8419094931121
1.93583799624262 47.8419992693028
1.93561458523146 47.8420833175232
1.9356321023795 47.8510837681455
1.93641794859005 47.8508263619545
1.93665402584672 47.8507669835301
1.93676460845819 47.8507253884511
1.93707246110606 47.8505743799493
1.93718510984269 47.8505401995208
1.93732731315217 47.8505095757667
1.93744256700312 47.8504987851089
1.93756869046901 47.8504483884875
1.93574520027377 47.8423305776749
1.93654739582249 47.8465772872922
1.93629065731429 47.846653068711
1.93696619040795 47.8470512659934
1.93700122470403 47.8472525036691
1.93614980147774 47.847524818358
1.93591983276501 47.8473892942018
1.93695738691817 47.8446358103755
1.93676892037156 47.8446900711901
1.93657299780809 47.8446508828297
1.93584176916682 47.8443171173788
1.93597157572537 47.8439693623629
1.93614818451023 47.8438183944805
1.93624852632747 47.8437787834258
1.93647409329531 47.8437216879863
1.93666938703808 47.8436984156983
1.93693717482427 47.8437227732223
1.93707740184012 47.8437398958313
1.93736387458423 47.8438779617326
1.93762205039689 47.8441786909042
1.93787546513854 47.8444278100604
1.93855351351499 47.8448681668427
1.93871134751041 47.8449261050731
1.93892460755886 47.8448822143072
1.93915924751107 47.8448017879996
1.93942155557403 47.8447190705577
1.93961631032763 47.844656067753
1.93624295677271 47.8426308937722
1.93585766934735 47.8495539608757
1.93580143481056 47.8497286036453
1.93594345845698 47.8498257812106
1.93605619702514 47.8498365720085
1.9361553710325 47.8498167989247
1.93632443396897 47.8497339689126
1.93638066850576 47.849613400973
1.93631634913142 47.8494945809943
1.93621978023838 47.8494585913276
1.93598442163394 47.8433519829436
1.9366628293365 47.8431357778278
1.93671565027521 47.8429910175687
1.93674152175539 47.8427666112373
1.93669498902367 47.8421392089115
1.93681392596729 47.8421055655588
1.93603562560513 47.8452851880214
1.93653913132188 47.8452059078328
1.93900213216788 47.8445300016238
1.93684788228503 47.8423241866689
1.93654227542537 47.8424312660602
1.93631006092443 47.8425078976285
1.93627808090031 47.8429816723486
1.93612536730201 47.8434019041307
1.93620414955243 47.8434728668948
1.93724978854315 47.8479879972201
1.93731150280317 47.8481211686668
1.93711297512538 47.8481680106923
1.93699502632857 47.8481824189774
1.93687698770024 47.8482328178008
1.93672409443888 47.8482310092314
1.93627879955254 47.848546000779
1.93625202975708 47.8486701883083
1.93610452638742 47.8487998011893
1.93763956754493 47.8414058632865
1.93720720839868 47.84085917852
1.93629110647193 47.8397009137209
1.93702233511321 47.8409259844671
1.93616192873408 47.8436682099411
1.93641812825311 47.8434102846151
1.93661584744714 47.8433524049829
1.93615132861373 47.8459218969898
1.93642702157442 47.841787399655
1.93924036538123 47.8430324982673
1.93889056140959 47.8430034979568
1.93851398764249 47.8429107692044
1.93828895966382 47.8426091885915
1.93745720954225 47.8415073975751
1.93729218902456 47.8412726143045
1.93720397446366 47.8411487105322
1.93697355659328 47.8410676754963
1.93686890286268 47.8410465123076
1.93663570021492 47.8409991814982
1.93644858114124 47.8410313182181
1.93650894792833 47.8435593846619
1.93684761279045 47.8434532722585
1.9364738409114546 47.84285615568618
1.93666777007057 47.8395624749279
1.93677835268204 47.8465139853062
1.93645675581033 47.8458113883619
1.93638920250096 47.8416042890774
1.93647624925199 47.8455588996805
1.93652350063594 47.8411280900217
1.93653311260948 47.8427649833533
1.93678401206833 47.8395577115656
1.93646169654439 47.8396602142012
1.93771376838739 47.8413235021914
1.9378173788582176 47.84129003811742
1.9381398954089493 47.84118587183356
1.93865538246821 47.8410193800017
1.9388210318066 47.8412528982496
1.93782039841162 47.8415625660631
1.93822481995253 47.8420950143236
1.938087198051 47.8421398118388
1.93822877253978 47.8423244881315
1.93846467013339 47.8422453842956
1.93857453409264 47.842414987113
1.93883405737822 47.8424262617918
1.93893116526043 47.8426611604255
1.94052495623752 47.8430581825205
1.94043458571994 47.8429157131342
1.9403165470916 47.8429315095899
1.94024189709149 47.8428153874408
1.93982912121844 47.8424380188072
1.9401948253706 47.8423193029752
1.94038347158027 47.8423615077206
1.94048956261532 47.8424801631637
1.94079624745332 47.8423852026555
1.94096144763407 47.8426175089118
1.94092605401188 47.8428814070746
1.94101256177374 47.8418812156901
1.94077666418013 47.8414457173273
1.94074917573243 47.8411370135185
1.94061550641816 47.8410895019098
1.94038742416752 47.8410841960422
1.94024980226599 47.8411185032903
1.94003753036435 47.840812390188
1.93982130587547 47.840395513935
1.93960202711461 47.8401050129976
1.93972195220504 47.8400591887079
1.93944257615168 47.8396821015024
1.93991410184432 47.8395220164826
1.93705368631662 47.8411815103917
1.9371064174238 47.8412706849049
1.93660372019081 47.8412316748426
1.93725751405459 47.8428103832094
1.93666462596707 47.8450673631514
1.93715717223735 47.8448952971355
1.93684761279045 47.843583561378
1.93674475569041 47.8461971727773
1.93716642488478 47.8460761143105
1.93770182079412 47.8459194854565
1.93661045755544 47.8418200785245
1.93705009305549 47.8460053962606
1.93662087801273 47.8454350664348
1.9373432133327 47.8451886651293
1.93777251820698 47.8457589976645
1.93762456567968 47.8458093988427
1.93714486531796 47.8459730817573
1.93877467873794 47.8459807986554
1.938621515982 47.8457588770874
1.93852521658354 47.8456106876931
1.93780386941039 47.8446903726389
1.93770846832722 47.8445599657196
1.93754075286367 47.844330984122
1.93726694636507 47.8439570027884
1.93704030141889 47.8436187713384
1.93701425027565 47.842891475815
1.93679362404187 47.8460934772952
1.93706168132265 47.8507417853558
1.93719049973439 47.8507273777817
1.93739971736407 47.8507598098884
1.93756869046901 47.8507561929258
1.93761046212972 47.8478395730501
1.93789962981968 47.8477375688657
1.93702646736351 47.8417254182741
1.93721448475248 47.8419345749916
1.93738327819437 47.8421459014038
1.93683045496852 47.8467305983534
1.9376631932369 47.8420733089188
1.93686405196015 47.8432578078199
1.93770101231036 47.8429552042644
1.9381175590255344 47.84315886569351
1.93828330027753 47.8432399012629
1.93848631953174 47.8432175934224
1.9379885541946256 47.844454848880176
1.93728051092586 47.8437745027773
1.9372143357587888 47.84369240015028
1.93751685767712 47.8475342833325
1.93779407777379 47.8434913159917
1.93789352127575 47.8459114671075
1.93804183312915 47.8461239830806
1.9385368048507 47.8462410624306
1.93833261778662 47.8466029095027
1.9373242588802 47.8469170066305
1.9376394777134 47.844745115714
1.93723811044445 47.8461746853444
1.93748829125108 47.8418489589105
1.93737456453611 47.8502964146472
1.9372306544276 47.8503289675898
1.93918260370846 47.84231845888
1.93865412482681 47.8424889055509
1.938504555332 47.8425381643537
1.93803231098714 47.8426091885915
1.9389263143579 47.8409498006459
1.93899090322683 47.8407643959275
1.93886172548897 47.840521288639
1.93737186959026 47.8428231048087
1.93761755882047 47.8428682031546
1.93786720063792 47.8430056081671
1.93748002675047 47.8448846861782
1.94047617771759 47.8505095757667
1.94015305370989 47.8504929979396
1.94000411303579 47.8504825689765
1.93985121977443 47.8504843774674
1.93936307524904 47.850583362104
1.93868709299774 47.8507220126171
1.93796287121568 47.8508929742178
1.93742109726783 47.8510225815437
1.93730305863949 47.8510873850852
1.93836307067476 47.8467677956601
1.93752476285162 47.8470295023753
1.93752431369397 47.8430053067084
1.93753886640158 47.8438123051118
1.93822446062642 47.8459098996106
1.93837950984446 47.8459214749715
1.9397161131557 47.8495120031189
1.93933361050772 47.8496437841202
1.93892847031458 47.8497913591534
1.93863346357528 47.8498849798616
1.93839747615014 47.849957018862
1.93827934769028 47.849996564915
1.93813193415215 47.8500541959993
1.93803267031326 47.8500739689926
1.93788777205793 47.8501460077304
1.93776712831527 47.8501819969201
1.93767388318878 47.8507900717986
1.93778689125152 47.850824493193
1.9378804058726 47.8507800648741
1.93780063547537 47.8506663113251
1.937685651119 47.8506892187901
1.93783890370647 47.8476552781097
1.93777970472925 47.8459944840892
1.93773398048129 47.8433997939365
1.93807228601729 47.8410758754759
1.93774197548732 47.8411674016312
1.93790124678719 47.8505851705913
1.93807830472969 47.8504825689765
1.9382734188094 47.8504193923231
1.93840789660743 47.8504321120562
1.93856635942355 47.8504591791558
1.93867640304586 47.850457370664
1.93878905178249 47.850437597817
1.93932552567016 47.8504483884875
1.93973318114609 47.8504735868043
1.93829372073482 47.8429404930683
1.93807435214244 47.8430116976304
1.93789962981968 47.8427775843798
1.93813040701617 47.84439881053
1.93868906929136 47.8442184825244
1.9387742295803 47.8443400879384
1.93886486959247 47.8444697116403
1.93881779787158 47.8448899916572
1.93826443565656 47.8431134096509
1.93828141381543 47.8445034137497
1.93843763084334 47.8446116944397
1.93836459781074 47.8481753052639
1.93882390641551 47.8480201898963
1.93970371640478 47.8477285862181
1.93999872314408 47.8476458131572
1.94051372729647 47.847456815178
1.94097240708054 47.8473001904934
1.94108496598564 47.8472605820975
1.94121378439738 47.847266007907
1.94137736761062 47.8477123692195
1.94125133397626 47.847723160457
1.94106358608188 47.8477879681213
1.94089730792279 47.8478761667009
1.93950518872699 47.8492928094581
1.93974656604383 47.8497229972417
1.939810346429 47.8498160755191
1.9399083526265 47.8498996890882
1.94005504751239 47.8499426110699
1.93850257903838 47.8437711867817
1.93835166207065 47.8438179724451
1.93860417849701 47.8482377009378
1.93936855497227 47.8483366898624
1.93967164654913 47.8484051138869
1.94014110611661 47.8486408897239
1.94129391412072 47.8486571064321
1.93897688950839 47.8459205103582
1.93858477488688 47.8430097080039
1.9390783991355 47.8439573645321
1.93876371929147 47.8429016651371
1.93891364811239 47.8428627165932
1.94133227218336 47.8506010852772
1.93861567693265 47.8436820768578
1.93879704678851 47.8502269683013
1.93870586778718 47.8500775860027
1.93877782284143 47.8464004635511
1.93936181760764 47.8462115816099
1.93887169678862 47.8450518085035
1.93946629167518 47.8448688903173
1.93889370551309 47.850135216997
1.93898218956857 47.8500578130109
1.93908792127751 47.8500189904073
1.93901434925574 47.8499065614304
1.93957723361277 47.8433811639332
1.94055900238679 47.8396649172584
1.93996602446774 47.8398619629146
1.94024674799403 47.8402505651442
1.9402046170072 47.8435255010657
1.94018332693497 47.8433674175187
1.93993988349297 47.8479532725133
1.94012772121888 47.8479820891987
1.94035301869214 47.8478956993804
1.94050591195349 47.8478920822181
1.94045991821095 47.8480379742314
1.94036909853572 47.8481080866521
1.94025366502171 47.8481476944007
1.94060005539527 47.8443303812202
1.94111505954766 47.8397341968599
1.94000608932941 47.8453199748036
1.94007139685057 47.845965364858
1.94019042362571 47.8461427929631
1.94041410413146 47.8460721955805
1.94027199065351 47.8458938026201
1.94049872543122 47.8453395084457
1.94029256207352 47.8450428856801
1.94086748385535 47.8481451021137
1.9413369848772277 47.84955056366327
1.94135050798362 47.8498310861842
1.94118701460191 47.849834763495
1.94105657922266 47.8498161960867
1.94092695232716 47.8497694761174
1.94076283012475 47.8496668728888
1.94061173349396 47.8496220818741
1.94048372356598 47.8496123761444
1.94035490515423 47.8496307627736
1.94023129697114 47.8496710927671
1.94014047729591 47.8497318589761
1.94007382230183 47.849814869843
1.94010068192883 47.8500525080605
1.94022941050904 47.8501425112919
1.94038499871625 47.8502468617953
1.94046548776571 47.8503620630604
1.94013571622491 47.8488820901293
1.94031268433588 47.8488946896698
1.94088670780243 47.8486156905166
1.94091356742943 47.8484266960715
1.94090009270017 47.8483114905073
1.94065655942664 47.8480637162919
1.94068270040141 47.8504790122777
1.9409536322911 47.8504483884875
1.94122716929511 47.8503817756532
1.94047635738065 47.8483564635105
1.9413972203784 47.8454157739843
1.94075914703209 47.8395516819925
1.94087098728496 47.8395976876176
1.94097959360281 47.8396286795884
1.9412328286814 47.8396491801036
1.9409457271166 47.8490062768539
1.94111847314574 47.8400541842106
1.94090943517912 47.850135216997
1.94107715064267 47.8496560820557
1.94121126911459 47.8501546885423
1.94107715064267 47.8462526980055
1.94138599143735 47.8462789835434
graphe

0 1 

2 1 
3 1 
4 1 
5 1 2 1 

7 1 
8 1 8 1 
9 1 
10 1 
11 1 
12 1 
13 1 
14 1 14 1 
15 1 14 1 14 1 14 1 14 1 14 1 14 1 14 1 
16 1 16 1 16 1 16 1 16 1 16 1 16 1 16 1 
17 1 
18 1 
19 1 
20 1 
21 1 
22 1 
23 1 
24 1 
25 1 
26 1 
27 1 
28 1 
29 1 
30 1 
31 1 
32 1 
33 1 
34 1 34 1 
35 1 35 1 
36 1 36 1 
37 1 
38 1 
39 1 
40 1 
41 1 
42 1 
43 1 43 1 
44 1 44 1 
45 1 
46 1 46 1 
47 1 47 1 
48 1 
49 1 
50 1 
51 1 
52 1 
53 1 
54 1 
55 1 
56 1 
57 1 
58 1 47 1 
59 1 
60 1 59 1 
61 1 61 1 
62 1 
63 1 63 1 
64 1 63 1 
65 1 65 1 
66 1 
67 1 
68 1 
69 1 
70 1 70 1 
71 1 
72 1 
73 1 71 1 
74 1 74 1 
75 1 75 1 
76 1 76 1 
77 1 
78 1 
79 1 
80 1 
81 1 
82 1 
83 1 
84 1 
85 1 
86 1 
87 1 
88 1 
89 1 
90 1 

92 1 86 1 
86 1 
94 1 85 1 
85 1 
34 1 
97 1 
98 1 
99 1 
100 1 
101 1 24 1 24 1 
102 1 
103 1 
104 1 
105 1 105 1 
106 1 106 1 
107 1 15 1 107 1 
108 1 108 1 
109 1 109 1 
110 1 
111 1 77 1 
112 1 
113 1 9 1 
114 1 9 1 85 1 9 1 85 1 9 1 85 1 9 1 85 1 9 1 85 1 9 1 85 1 9 1 85 1 
115 1 
116 1 96 1 

118 1 118 1 
119 1 119 1 
120 1 120 1 
121 1 24 1 121 1 24 1 
102 1 102 1 
123 1 123 1 
124 1 42 1 124 1 42 1 42 1 
42 1 42 1 
126 1 126 1 
127 1 127 1 127 1 
128 1 128 1 128 1 
129 1 129 1 
130 1 130 1 
131 1 131 1 130 1 
132 1 132 1 
133 1 133 1 
134 1 134 1 133 1 133 1 
135 1 135 1 
136 1 136 1 
137 1 137 1 
138 1 138 1 
139 1 139 1 
140 1 140 1 140 1 
141 1 141 1 
142 1 142 1 141 1 
143 1 143 1 143 1 
144 1 144 1 
145 1 145 1 
146 1 146 1 
147 1 147 1 147 1 
148 1 148 1 148 1 
149 1 149 1 
150 1 150 1 149 1 
151 1 151 1 151 1 
152 1 152 1 
153 1 153 1 
154 1 154 1 
155 1 155 1 
156 1 156 1 
157 1 157 1 
158 1 158 1 

160 1 160 1 160 1 160 1 160 1 160 1 160 1 160 1 

162 1 35 1 162 1 35 1 162 1 35 1 162 1 35 1 162 1 35 1 162 1 35 1 162 1 35 1 162 1 35 1 
35 1 35 1 35 1 35 1 35 1 35 1 35 1 35 1 
164 1 164 1 164 1 164 1 164 1 164 1 164 1 164 1 
165 1 165 1 165 1 165 1 165 1 165 1 165 1 165 1 
166 1 166 1 166 1 166 1 166 1 166 1 166 1 166 1 
167 1 124 1 167 1 124 1 167 1 124 1 167 1 124 1 167 1 124 1 167 1 124 1 167 1 124 1 167 1 124 1 
124 1 124 1 124 1 124 1 124 1 124 1 124 1 124 1 
169 1 105 1 169 1 105 1 169 1 105 1 169 1 105 1 169 1 105 1 169 1 105 1 169 1 105 1 169 1 105 1 
105 1 17 1 105 1 17 1 105 1 17 1 105 1 17 1 105 1 17 1 105 1 17 1 105 1 17 1 
14 1 14 1 14 1 14 1 14 1 14 1 14 1 
172 1 172 1 172 1 172 1 172 1 172 1 172 1 
173 1 173 1 173 1 173 1 173 1 173 1 173 1 
174 1 9 1 174 1 9 1 174 1 9 1 174 1 9 1 174 1 9 1 174 1 9 1 174 1 9 1 
85 1 160 1 85 1 160 1 85 1 160 1 85 1 160 1 85 1 160 1 85 1 160 1 85 1 160 1 
13 1 14 1 
177 1 
178 1 
179 1 
180 1 
181 1 
182 1 
183 1 
184 1 
185 1 
186 1 
187 1 
188 1 186 1 
189 1 
190 1 
191 1 
192 1 
193 1 
194 1 
195 1 
196 1 
197 1 
198 1 13 1 
13 1 
200 1 
201 1 
202 1 
203 1 
204 1 
205 1 
206 1 
207 1 
208 1 
209 1 189 1 
186 1 121 1 

212 1 
213 1 
214 1 121 1 

216 1 216 1 
217 1 217 1 
218 1 218 1 
219 1 219 1 
220 1 220 1 
221 1 221 1 
222 1 222 1 
223 1 223 1 
216 1 
225 1 
226 1 
227 1 
228 1 
229 1 
230 1 
231 1 
216 1 
216 1 
225 1 
235 1 217 1 
219 1 220 1 
237 1 
237 1 238 1 238 1 

240 1 240 1 
241 1 241 1 241 1 
242 1 242 1 242 1 242 1 242 1 
243 1 243 1 
244 1 244 1 
245 1 245 1 
246 1 239 1 246 1 239 1 
238 1 238 1 
248 1 226 1 248 1 226 1 227 1 
226 1 234 1 234 1 226 1 
236 1 
251 1 
95 1 
253 1 
254 1 
255 1 94 1 
251 1 248 1 
198 1 
258 1 
259 1 
260 1 
257 1 
253 1 

264 1 
265 1 

267 1 
268 1 
259 1 
253 1 

272 1 244 1 223 1 
273 1 
274 1 
275 1 
256 1 86 1 
277 1 
278 1 
279 1 

281 1 
282 1 
283 1 
284 1 62 1 284 1 
61 1 70 1 

287 1 
288 1 
289 1 
290 1 
291 1 
292 1 243 1 243 1 243 1 243 1 
76 1 
73 1 
73 1 75 1 
232 1 232 1 
297 1 91 1 
298 1 
299 1 
300 1 91 1 86 1 
301 1 250 1 
290 1 
277 1 
304 1 
305 1 
306 1 

308 1 
223 1 241 1 

311 1 
312 1 
313 1 
307 1 
241 1 
242 1 242 1 293 1 
242 1 242 1 242 1 
312 1 
312 1 311 1 34 1 
320 1 
315 1 

323 1 
324 1 298 1 

326 1 326 1 
327 1 327 1 
328 1 328 1 
329 1 329 1 
330 1 330 1 330 1 330 1 
331 1 331 1 
332 1 332 1 332 1 
333 1 333 1 
334 1 334 1 334 1 
335 1 
336 1 
337 1 337 1 
338 1 338 1 
339 1 
340 1 339 1 
341 1 140 1 341 1 
342 1 342 1 
343 1 343 1 
344 1 344 1 
345 1 345 1 
346 1 346 1 
347 1 
348 1 348 1 
349 1 
350 1 
351 1 351 1 
352 1 352 1 
353 1 353 1 
354 1 354 1 
355 1 355 1 355 1 355 1 355 1 
356 1 356 1 
357 1 357 1 356 1 356 1 
358 1 358 1 
359 1 162 1 359 1 
110 1 
361 1 
362 1 
363 1 59 1 
59 1 
365 1 281 1 283 1 282 1 
281 1 
367 1 
368 1 
369 1 
370 1 
371 1 158 1 158 1 158 1 158 1 158 1 
158 1 158 1 158 1 157 1 
373 1 
374 1 
375 1 
304 1 
292 1 
377 1 280 1 
379 1 
380 1 
381 1 70 1 68 1 
230 1 
383 1 
384 1 
385 1 
386 1 232 1 232 1 
387 1 
388 1 
389 1 

391 1 
392 1 
393 1 
394 1 
395 1 
396 1 
397 1 
398 1 
399 1 385 1 
280 1 66 1 381 1 
70 1 
399 1 

404 1 
400 1 
406 1 403 1 
92 1 92 1 
408 1 
409 1 65 1 

411 1 
412 1 
413 1 
414 1 45 1 413 1 414 1 
45 1 47 1 
416 1 108 1 
298 1 
418 1 93 1 
68 1 64 1 
63 1 285 1 
421 1 284 1 
422 1 409 1 
423 1 368 1 408 1 281 1 408 1 281 1 
368 1 
425 1 371 1 
426 1 
410 1 
428 1 
429 1 
395 1 387 1 395 1 387 1 
431 1 
432 1 
433 1 

435 1 435 1 
323 1 323 1 
437 1 92 1 437 1 92 1 92 1 370 1 
281 1 281 1 
439 1 439 1 
440 1 440 1 
441 1 441 1 
442 1 411 1 442 1 411 1 
411 1 411 1 
444 1 127 1 444 1 127 1 
127 1 127 1 
446 1 446 1 
447 1 447 1 
448 1 448 1 
449 1 449 1 
450 1 450 1 
451 1 451 1 
452 1 452 1 
453 1 453 1 
454 1 454 1 
455 1 455 1 
456 1 456 1 
457 1 457 1 
458 1 458 1 
459 1 459 1 
460 1 460 1 
461 1 461 1 
462 1 347 1 347 1 462 1 
347 1 348 1 348 1 347 1 
370 1 426 1 425 1 
426 1 
466 1 
467 1 
468 1 
469 1 
470 1 
471 1 
472 1 
473 1 
474 1 
475 1 427 1 
427 1 
477 1 
478 1 478 1 
479 1 
480 1 
481 1 
482 1 
483 1 
484 1 
485 1 
486 1 
487 1 487 1 
62 1 365 1 
365 1 46 1 

491 1 
283 1 489 1 

494 1 
490 1 366 1 
443 1 366 1 412 1 
497 1 496 1 
498 1 414 1 
499 1 46 1 415 1 

501 1 
97 1 
501 1 
417 1 504 1 44 1 504 1 
503 1 
503 1 
393 1 
508 1 
509 1 
37 1 38 1 
38 1 447 1 
512 1 449 1 
513 1 
514 1 
515 1 456 1 
516 1 349 1 
505 1 
518 1 504 1 125 1 
519 1 
520 1 504 1 
444 1 
522 1 413 1 413 1 
523 1 44 1 415 1 
232 1 232 1 
525 1 525 1 388 1 
526 1 526 1 
527 1 527 1 
528 1 528 1 323 1 323 1 
529 1 529 1 
530 1 529 1 530 1 
323 1 323 1 
532 1 532 1 
533 1 297 1 533 1 297 1 
523 1 43 1 523 1 
535 1 524 1 
440 1 
537 1 
538 1 426 1 425 1 
539 1 
540 1 
541 1 
542 1 
125 1 
544 1 125 1 
442 1 
546 1 
547 1 
548 1 543 1 441 1 
543 1 537 1 
42 1 
545 1 
549 1 
538 1 550 1 
512 1 
555 1 
556 1 
557 1 
558 1 
559 1 
560 1 
561 1 41 1 551 1 
41 1 545 1 

564 1 
546 1 
566 1 
567 1 
568 1 
569 1 548 1 

571 1 
564 1 40 1 41 1 
564 1 39 1 
564 1 
575 1 
576 1 
392 1 388 1 
578 1 
579 1 
580 1 
581 1 

583 1 
584 1 584 1 
585 1 
586 1 
587 1 
588 1 
589 1 443 1 
36 1 577 1 
547 1 570 1 
575 1 576 1 574 1 37 1 
580 1 
555 1 38 1 
595 1 
596 1 39 1 
597 1 
598 1 40 1 
551 1 127 1 561 1 
590 1 
540 1 542 1 
444 1 
391 1 
604 1 
605 1 

607 1 445 1 
566 1 568 1 

610 1 511 1 

612 1 607 1 
607 1 
614 1 

446 1 
617 1 
618 1 
619 1 
620 1 
621 1 129 1 
129 1 
623 1 
624 1 
625 1 
626 1 
627 1 
628 1 
629 1 
630 1 
631 1 
632 1 
633 1 
634 1 
635 1 
636 1 
128 1 622 1 
128 1 616 1 
608 1 626 1 
608 1 
553 1 

643 1 
644 1 
512 1 
646 1 610 1 
610 1 
610 1 
648 1 649 1 
649 1 
651 1 
652 1 
653 1 
654 1 
655 1 
656 1 
657 1 
658 1 
659 1 
660 1 
661 1 
662 1 
663 1 
664 1 
665 1 648 1 
618 1 638 1 621 1 

668 1 
472 1 
670 1 
671 1 
672 1 427 1 
427 1 
674 1 
675 1 
676 1 466 1 
467 1 642 1 
642 1 
679 1 
680 1 
681 1 
682 1 
683 1 
684 1 
685 1 685 1 583 1 
686 1 584 1 
587 1 
587 1 
689 1 
690 1 
691 1 
692 1 
693 1 
694 1 
695 1 
696 1 
469 1 
698 1 677 1 

700 1 700 1 700 1 700 1 700 1 700 1 700 1 700 1 700 1 
701 1 701 1 701 1 701 1 701 1 701 1 701 1 701 1 
702 1 701 1 702 1 702 1 702 1 702 1 702 1 702 1 702 1 
703 1 703 1 703 1 703 1 703 1 703 1 703 1 703 1 703 1 
704 1 704 1 704 1 704 1 704 1 704 1 704 1 704 1 704 1 
705 1 705 1 705 1 705 1 705 1 705 1 705 1 705 1 705 1 
706 1 706 1 706 1 706 1 706 1 706 1 706 1 706 1 
707 1 707 1 707 1 707 1 707 1 707 1 707 1 707 1 
708 1 706 1 708 1 708 1 708 1 708 1 708 1 708 1 708 1 
709 1 
710 1 
711 1 360 1 
351 1 350 1 351 1 
350 1 
714 1 
715 1 
716 1 
717 1 
718 1 
679 1 
619 1 451 1 

722 1 
723 1 
724 1 724 1 
725 1 
726 1 
727 1 725 1 727 1 
728 1 
729 1 728 1 
730 1 
731 1 
732 1 
733 1 
734 1 
735 1 
736 1 
737 1 
738 1 
739 1 739 1 
740 1 740 1 740 1 
741 1 741 1 741 1 
742 1 742 1 
743 1 742 1 
744 1 
745 1 
746 1 722 1 
722 1 
748 1 
749 1 
750 1 
751 1 
752 1 
753 1 
754 1 
755 1 
756 1 
757 1 757 1 
758 1 758 1 
759 1 
760 1 
761 1 759 1 
762 1 
763 1 
764 1 
765 1 765 1 
766 1 359 1 766 1 712 1 
359 1 358 1 358 1 
355 1 355 1 
769 1 769 1 
770 1 770 1 
771 1 771 1 
772 1 772 1 
773 1 773 1 773 1 
774 1 
775 1 
776 1 
777 1 
778 1 778 1 
779 1 
780 1 
781 1 
782 1 
783 1 
784 1 
785 1 
786 1 
787 1 
788 1 
789 1 
790 1 
791 1 790 1 
792 1 
793 1 
794 1 
795 1 
796 1 
797 1 
798 1 782 1 
781 1 779 1 
800 1 
801 1 801 1 
802 1 
803 1 774 1 
531 1 
427 1 478 1 
479 1 
807 1 482 1 
585 1 
809 1 682 1 
470 1 
811 1 670 1 
129 1 130 1 
130 1 133 1 
135 1 135 1 136 1 
815 1 
816 1 
817 1 462 1 
530 1 
626 1 696 1 
531 1 
821 1 
822 1 
823 1 821 1 

825 1 
826 1 
827 1 
828 1 
829 1 
830 1 830 1 
831 1 
832 1 
833 1 
834 1 834 1 
835 1 835 1 
836 1 
837 1 
838 1 
839 1 
840 1 
841 1 
842 1 
843 1 
844 1 
845 1 697 1 
846 1 
847 1 
848 1 
849 1 
850 1 583 1 
851 1 
852 1 
853 1 
854 1 
855 1 
856 1 
857 1 836 1 
834 1 
859 1 
860 1 
861 1 
862 1 862 1 
863 1 
864 1 
865 1 
866 1 720 1 685 1 
373 1 158 1 373 1 373 1 
372 1 372 1 
869 1 869 1 
870 1 437 1 870 1 437 1 
515 1 
872 1 512 1 
531 1 
874 1 
697 1 
876 1 
877 1 
878 1 
879 1 
880 1 
881 1 637 1 636 1 
637 1 637 1 
883 1 883 1 
884 1 
885 1 
886 1 827 1 
827 1 
888 1 867 1 863 1 
721 1 
890 1 
472 1 867 1 
813 1 
892 1 889 1 

895 1 
896 1 
897 1 
898 1 
899 1 
900 1 721 1 
356 1 
355 1 
903 1 
904 1 
905 1 
906 1 766 1 

908 1 
909 1 
910 1 372 1 

912 1 908 1 483 1 

914 1 757 1 
762 1 765 1 
911 1 
917 1 910 1 
918 1 913 1 909 1 
862 1 831 1 
919 1 
921 1 
922 1 

924 1 918 1 921 1 
778 1 
926 1 
927 1 
928 1 
929 1 
930 1 
931 1 
932 1 781 1 
911 1 925 1 924 1 
921 1 
935 1 912 1 
912 1 
937 1 487 1 
488 1 827 1 
157 1 155 1 
155 1 157 1 
157 1 158 1 

943 1 781 1 
926 1 774 1 
924 1 922 1 
946 1 941 1 
947 1 
948 1 
949 1 152 1 153 1 152 1 
152 1 
951 1 
952 1 148 1 
936 1 
954 1 
955 1 
632 1 
957 1 
958 1 130 1 
153 1 155 1 
960 1 
961 1 373 1 
943 1 750 1 724 1 
963 1 
964 1 
965 1 
966 1 
967 1 
968 1 
969 1 765 1 
825 1 
971 1 827 1 826 1 971 1 
939 1 972 1 
973 1 971 1 
636 1 
773 1 
976 1 
977 1 
978 1 965 1 
130 1 895 1 
130 1 635 1 
947 1 923 1 
923 1 956 1 
983 1 
984 1 956 1 
985 1 
711 1 
711 1 
988 1 
989 1 
990 1 
991 1 
992 1 
993 1 
994 1 914 1 
986 1 973 1 

997 1 897 1 
455 1 
999 1 
1000 1 
1001 1 453 1 999 1 

1003 1 
1004 1 
1005 1 637 1 
884 1 
1007 1 
1008 1 
1009 1 
1010 1 
1011 1 
1012 1 
1013 1 
1014 1 
1015 1 136 1 136 1 
136 1 136 1 
1017 1 1017 1 
1018 1 
1019 1 343 1 1019 1 138 1 
1020 1 
1021 1 343 1 
971 1 
802 1 803 1 
803 1 
1025 1 
1026 1 
1027 1 
1028 1 
1029 1 
1030 1 
1031 1 801 1 
887 1 
1033 1 
1034 1 
1035 1 
974 1 974 1 
1037 1 
132 1 981 1 
132 1 133 1 
136 1 140 1 140 1 136 1 138 1 
1036 1 1038 1 
1042 1 
1043 1 971 1 1023 1 
825 1 
1033 1 
1046 1 1046 1 
790 1 788 1 
1048 1 
1049 1 
1050 1 
1051 1 
1052 1 797 1 
797 1 
1054 1 
1055 1 781 1 

1057 1 
1058 1 375 1 
375 1 1058 1 
1008 1 1046 1 
1047 1 
1062 1 
980 1 
984 1 949 1 1037 1 
335 1 335 1 
1066 1 
1067 1 
1068 1 146 1 
1069 1 148 1 1057 1 
1070 1 
1071 1 
1072 1 1060 1 
1073 1 
1074 1 
1075 1 960 1 
1061 1 1062 1 1011 1 
1077 1 
1034 1 1023 1 
1059 1 
456 1 895 1 997 1 
980 1 
949 1 949 1 1065 1 
1082 1 814 1 
1076 1 1075 1 
1079 1 1043 1 1036 1 

1087 1 
1088 1 
1089 1 1057 1 
1090 1 1090 1 
1091 1 1091 1 
1092 1 
1093 1 
1094 1 
1095 1 
1096 1 
1097 1 
1098 1 
1099 1 
1100 1 1066 1 
334 1 
1102 1 
1103 1 
1104 1 
1105 1 
1106 1 
1107 1 
1108 1 
1109 1 
1110 1 
1111 1 333 1 
330 1 330 1 
1113 1 1113 1 
1114 1 1114 1 
1115 1 1115 1 
1116 1 1116 1 
1117 1 1117 1 
1118 1 1118 1 
1119 1 1119 1 
1120 1 1120 1 
1121 1 1121 1 
1122 1 1122 1 
1123 1 1123 1 
1075 1 
1125 1 1071 1 
1126 1 1085 1 
1036 1 1042 1 
1040 1 
1129 1 133 1 
1011 1 1012 1 
895 1 
1132 1 
1133 1 
1038 1 

1136 1 
1137 1 
1138 1 133 1 
1139 1 1134 1 
1140 1 1136 1 1133 1 
460 1 
1142 1 817 1 
1143 1 135 1 1139 1 
135 1 
1145 1 
1146 1 
1147 1 1013 1 
1013 1 1034 1 
1035 1 1128 1 
1132 1 1141 1 
990 1 
1152 1 
1153 1 
1154 1 
788 1 
1156 1 943 1 
1038 1 953 1 
1038 1 
1159 1 1038 1 1042 1 
455 1 
1160 1 

1163 1 
1164 1 
1165 1 1165 1 
1166 1 143 1 
136 1 1016 1 1016 1 
1016 1 
1169 1 1163 1 1013 1 
872 1 351 1 516 1 
1170 1 
1139 1 1134 1 
1173 1 458 1 
1174 1 
458 1 
1176 1 457 1 
1130 1 1145 1 
1133 1 
1159 1 1162 1 147 1 

1181 1 
1100 1 
1100 1 
1184 1 1069 1 
146 1 1162 1 
1092 1 
1187 1 
1188 1 
1128 1 1186 1 
1190 1 
1191 1 1165 1 
133 1 1178 1 

1194 1 
1195 1 
1196 1 
1197 1 
1198 1 
1199 1 710 1 
710 1 
1201 1 
1176 1 
1203 1 1177 1 
1190 1 
1168 1 
1173 1 
1207 1 1143 1 1142 1 

1209 1 
1210 1 
1211 1 
1212 1 
1213 1 
1214 1 
1215 1 
1216 1 
1217 1 914 1 
1155 1 1155 1 
1219 1 
1220 1 
1221 1 
1222 1 1219 1 
351 1 1157 1 
1134 1 
1172 1 
1091 1 
1227 1 1090 1 
1221 1 
1229 1 
1230 1 
1231 1 
1232 1 
1233 1 
1234 1 
1235 1 
1236 1 1197 1 
146 1 
1238 1 1165 1 
1239 1 146 1 
1168 1 
1241 1 
1242 1 
1243 1 
1019 1 1018 1 
1165 1 
1241 1 1243 1 
1247 1 1244 1 
943 1 
1249 1 
1250 1 
1251 1 
1252 1 
1253 1 
1254 1 
1255 1 
1256 1 
1257 1 
1258 1 
1259 1 730 1 
750 1 1209 1 
1209 1 
1262 1 
1263 1 
1264 1 

1266 1 
1249 1 
1268 1 
1269 1 725 1 
725 1 744 1 
739 1 737 1 
1142 1 
144 1 
143 1 140 1 
1185 1 
1276 1 1184 1 
700 1 
143 1 
1235 1 
1280 1 1212 1 
459 1 
1282 1 461 1 
1018 1 
1284 1 1021 1 817 1 
1280 1 
1286 1 
1287 1 
1288 1 1211 1 
143 1 

1291 1 1291 1 
1292 1 1120 1 1292 1 1120 1 
337 1 
1294 1 335 1 
1251 1 
1296 1 
1297 1 
1298 1 
1299 1 729 1 
1300 1 
1301 1 728 1 
343 1 
1291 1 
345 1 
463 1 
1306 1 
1307 1 
1308 1 1306 1 
346 1 
1310 1 344 1 
730 1 737 1 
1272 1 
1313 1 1313 1 
1314 1 
1315 1 
1316 1 
1317 1 
1318 1 
1319 1 
1320 1 
1321 1 
1322 1 
1323 1 1265 1 
1265 1 
1325 1 
1326 1 
1327 1 1194 1 

1329 1 743 1 
740 1 
1331 1 
1332 1 1312 1 
728 1 730 1 729 1 
1194 1 
1335 1 
1336 1 
741 1 
347 1 1303 1 

1340 1 
1341 1 1304 1 
1304 1 
741 1 
1115 1 1115 1 
1316 1 
1316 1 1313 1 
1314 1 1346 1 
348 1 348 1 348 1 348 1 348 1 348 1 348 1 

